tt_typ    -40  1.08   9.2471  0.4112
tt_typ    -40   1.2  10.3607  0.5140
tt_typ    -40  1.32  11.4600  0.6178
tt_typ     25  1.08   9.1262  0.4057
tt_typ     25   1.2  10.2431  0.5060
tt_typ     25  1.32  11.3397  0.6075
tt_typ    125  1.08   8.8388  0.4207
tt_typ    125   1.2   9.9594  0.5169
tt_typ    125  1.32  11.0461  0.6149
ss_wcs    -40  1.08   8.1271  0.3828
ss_wcs    -40   1.2   9.1198  0.4865
ss_wcs    -40  1.32  10.0953  0.5913
ss_wcs     25  1.08   8.0048  0.3779
ss_wcs     25   1.2   9.0085  0.4789
ss_wcs     25  1.32   9.9829  0.5814
ss_wcs    125  1.08   7.7251  0.3943
ss_wcs    125   1.2   8.7404  0.4909
ss_wcs    125  1.32   9.7094  0.5897
ff_bcs    -40  1.08  10.5939  0.4404
ff_bcs    -40   1.2  11.8627  0.5421
ff_bcs    -40  1.32  13.1171  0.6448
ff_bcs     25  1.08  10.4624  0.4340
ff_bcs     25   1.2  11.7315  0.5332
ff_bcs     25  1.32  12.9819  0.6336
ff_bcs    125  1.08  10.1753  0.4469
ff_bcs    125   1.2  11.4365  0.5422
ff_bcs    125  1.32  12.6684  0.6392
