tt_typ    -40  1.08   9.1535  0.4128
tt_typ    -40   1.2  10.2549  0.5157
tt_typ    -40  1.32  11.3424  0.6196
tt_typ     25  1.08   9.0415  0.4073
tt_typ     25   1.2  10.1465  0.5077
tt_typ     25  1.32  11.2320  0.6093
tt_typ    125  1.08   8.7687  0.4223
tt_typ    125   1.2   9.8778  0.5186
tt_typ    125  1.32  10.9546  0.6167
ss_wcs    -40  1.08   8.0549  0.3841
ss_wcs    -40   1.2   9.0377  0.4879
ss_wcs    -40  1.32  10.0039  0.5927
ss_wcs     25  1.08   7.9401  0.3792
ss_wcs     25   1.2   8.9336  0.4803
ss_wcs     25  1.32   9.8993  0.5829
ss_wcs    125  1.08   7.6723  0.3956
ss_wcs    125   1.2   8.6776  0.4923
ss_wcs    125  1.32   9.6386  0.5912
ff_bcs    -40  1.08  10.4714  0.4423
ff_bcs    -40   1.2  11.7245  0.5441
ff_bcs    -40  1.32  12.9636  0.6469
ff_bcs     25  1.08  10.3510  0.4360
ff_bcs     25   1.2  11.6051  0.5353
ff_bcs     25  1.32  12.8411  0.6359
ff_bcs    125  1.08  10.0811  0.4488
ff_bcs    125   1.2  11.3283  0.5444
ff_bcs    125  1.32  12.5476  0.6414
