tt_typ    -40  1.08   9.1535  0.4128
tt_typ    -40   1.2  10.2549  0.5157
tt_typ    -40  1.32  11.3424  0.6196
tt_typ     25  1.08   9.0414  0.4073
tt_typ     25   1.2  10.1464  0.5077
tt_typ     25  1.32  11.2319  0.6094
tt_typ    125  1.08   8.7686  0.4223
tt_typ    125   1.2   9.8777  0.5187
tt_typ    125  1.32  10.9545  0.6167
ss_wcs    -40  1.08   8.0549  0.3841
ss_wcs    -40   1.2   9.0377  0.4879
ss_wcs    -40  1.32  10.0038  0.5927
ss_wcs     25  1.08   7.9401  0.3792
ss_wcs     25   1.2   8.9336  0.4803
ss_wcs     25  1.32   9.8992  0.5829
ss_wcs    125  1.08   7.6723  0.3956
ss_wcs    125   1.2   8.6776  0.4923
ss_wcs    125  1.32   9.6386  0.5912
ff_bcs    -40  1.08  10.4713  0.4423
ff_bcs    -40   1.2  11.7245  0.5441
ff_bcs    -40  1.32  12.9635  0.6469
ff_bcs     25  1.08  10.3509  0.4360
ff_bcs     25   1.2  11.6050  0.5353
ff_bcs     25  1.32  12.8410  0.6359
ff_bcs    125  1.08  10.0810  0.4488
ff_bcs    125   1.2  11.3282  0.5444
ff_bcs    125  1.32  12.5475  0.6414
